[slide-2.jpg]
filters=crop64=1,3b850000f2f0ffff;
crop=rect64(3b850000f2f0ffff)
moddate=0000e01001d30000
width=843
height=403
textactive=0
[shirt-tie.jpg]
filters=crop64=1,1b550000fcbddf8d;autolight=1;finetune2=1,0.222222,0.000000,0.000000,00000000,0.000000;
crop=rect64(1b550000fcbddf8d)
moddate=00004d3001d30000
width=3456
height=5184
textactive=0
[cocky.jpg]
filters=unsharp2=1,1.438596;
moddate=0000b15701d30000
width=5184
height=3456
textactive=0
[hands-behind-head.jpg]
filters=finetune2=1,0.304094,0.000000,0.000000,00000000,0.000000;
moddate=0000605801d30000
width=5184
height=3456
textactive=0
